dgld back-connect port=1031
dgld connected (fd=5)
C->S 4: 00 00 12 34
S->C 4: ff ff ed cc
C->S 20: 10 00 00 10 00 01 00 03 02 01 00 00 00 01 00 04 00 00 00 00
S->C 8: 10 00 00 04 00 00 00 00
C->S 64: 10 00 00 3c 00 01 00 10 00 00 00 08 49 52 49 53 00 00 00 00 00 00 00 08 72 6f 6f 74 00 00 00 00 00 00 00 08 72 6f 6f 74 00 00 00 00 00 00 00 80 ff ff ff ff 00 00 00 80 00 01 00 04 00 00 00 00
S->C 16: 10 00 00 0c 00 00 00 00 00 00 00 00 00 00 00 00
C->S 20: 10 00 00 10 00 01 00 07 00 00 00 02 00 01 00 04 00 00 00 00
S->C 8: 10 00 00 04 00 00 00 00
C->S 48: 10 00 00 2c 00 01 00 13 00 00 00 00 00 00 00 00 00 00 00 00 00 00 00 00 00 00 01 ca 00 00 00 08 3a 30 2e 30 00 00 00 00 00 01 00 04 00 00 00 00
S->C 8: 10 00 00 04 00 00 00 00
C->S 16: 10 00 00 0c 00 00 01 43 00 01 00 04 00 00 00 00
S->C 8: 10 00 00 04 00 00 00 01
C->S 24: 10 00 00 14 00 00 00 01 00 00 00 0c 00 00 00 0c 00 01 00 04 00 00 00 00
